[2,8,4,3]
[ 8.92721336e-01  2.43593419e-01  1.30923900e-01  2.23939262e-01
  2.89384487e-01  5.16882651e-01  1.21815173e-01  3.34443804e-01
  5.92040892e-01  7.48883925e-01  4.89330174e-01  2.20798590e-01
  8.50696826e-01  7.49407046e-01  1.03332453e+00  8.12449787e-01
  7.47546285e-02 -2.21493054e-01 -8.46632457e-02  1.63732727e-01
 -3.68207680e+00  3.48907488e-02 -1.06818484e-01 -1.07755414e-01
 -6.32628877e-02  2.65494320e-01 -1.10777438e-01 -1.62441703e-01
 -1.46840841e-01  3.47544281e-01  5.12650540e+00  7.37870865e-01
  5.98828759e-01  4.25528380e+00 -9.81809764e+00 -2.96311288e+01
  1.05375448e+01  4.11924118e+00 -2.45651302e+00 -7.61098850e+00
 -5.18198660e+00 -2.68548466e+00  4.31958181e+00  1.66914677e+01
  1.00037678e+01  2.97697876e+00  6.10009649e-01  6.80423143e-01
 -2.45350629e+01  9.09772967e+00 -1.55658991e+01  2.47481615e+00
  2.68665012e+00 -5.06235061e+00  2.29313443e+01  2.40236463e+00
  5.51299190e+00 -1.87686654e+00 -6.74348257e-01  1.05223946e+01
 -1.03901886e+00 -2.73560401e+00  1.65800416e+00  1.87880383e+00
 -1.67331599e-01 -2.05154355e-01  2.04497791e-02  2.54821985e+00
  1.19576718e+01  4.07394755e+01 -4.17789262e+01  4.40326919e+01
 -7.01508409e+01 -2.31386439e+01 -2.46120739e+01 -1.59109793e+00
  2.50059573e+01 -1.66583296e+00 -2.56517067e-01 -2.20615178e+00
  9.15251718e-06  2.22106969e-04 -1.73409749e-04]

[2, 8, 3]
[ 1.17733134e-01  2.57739433e-01  8.70876630e-01  2.55761201e-01
  3.67831169e-01  7.40820032e-01  6.16395355e-01  7.47133489e-01
  6.22835655e-01  2.55952757e-01  3.72601560e-01  2.60763814e-01
  1.42601435e-01  7.33876552e-01  1.56208769e-01  2.64807037e-01
  1.39500096e-01  1.42118574e-01 -1.44537336e-01  1.37244654e-01
 -1.06986884e-01  3.01544858e-01  3.55354467e-02  1.36164453e-01
 -1.37684719e-01  3.03534615e-01 -1.71329190e-01 -2.84104135e-01
  1.32783144e+02 -6.48504569e-01  1.72488189e-01  1.58267072e-01
  4.37482982e+01 -4.30519720e+01 -4.03638416e+01  5.85320704e+01
 -4.14320137e+01 -2.45717194e+01 -3.20750167e+01 -6.90069193e+01
  6.28706003e+01  1.47839688e+02 -8.93791932e+01 -5.30840050e+01
 -5.97779337e+01 -9.36926831e+00  7.60920355e+01 -2.78211813e+01
  6.80745830e+01 -2.30149400e+01 -2.61744140e+01  4.16803641e+01
 -1.53270718e+01  2.68815989e+01 -1.36394204e+01 -3.77301516e+01
  5.00297358e-06  9.78866838e-06 -1.08366732e-04]

[ 6.19544483e-01  7.38199101e-01  3.75538462e-01  2.61522945e-01
  6.28636534e-01  2.56125705e-01  3.67276116e-01  7.45257813e-01
  8.72360597e-01  7.40120341e-01  1.29713537e-01  2.64097427e-01
  1.24726273e-01  7.41851660e-01  8.73061937e-01  2.57156066e-01
 -1.76076712e-01  3.96267380e-01  1.48151788e-01  2.48587535e-01
 -9.47543376e-02  1.70235516e-01  8.45657997e-02  2.66143118e-01
 -6.06876511e-02 -1.38469518e-01  7.64574610e-02 -1.51551942e-01
 -1.07682077e-01  3.04971063e-01 -1.93594229e-01 -3.87153361e-01
  4.69418368e+01 -2.32348157e+01 -1.96145795e+01 -2.27398490e+01
  6.30191376e+01 -3.27437273e+01 -5.45487908e+01 -2.23203351e+01
  7.23312975e+01 -2.86293812e+01 -3.92578565e+01  6.53276991e+01
 -6.36742764e+01  6.44490068e+01 -6.99732581e+01  5.56446033e+01
 -6.06615057e+01 -6.01514006e+01 -2.96524270e+01  4.51941900e+01
 -6.90266013e+00  4.15222194e+01 -2.84972333e+01 -9.00387972e+00
 -4.47746470e-05 -3.88137162e-05 -1.83781286e-04]

[ 8.67773783e-01  7.32259736e-01  1.28398696e-01  7.39753406e-01
  8.73448409e-01  2.58567249e-01  6.22389919e-01  7.44043665e-01
  6.30455979e-01  2.60093070e-01  3.78412124e-01  2.58334675e-01
  1.31651259e-01  2.61920133e-01  3.67127942e-01  7.45221202e-01
  2.77544608e-01  4.31119625e-01  3.04022042e-01  3.34643944e-01
 -1.26283686e-01 -1.48948806e-01  1.23435163e-01  3.22733685e-01
 -8.46105676e-02 -1.75098739e-01  6.14378804e-02  1.43710407e-01
 -1.10594116e-01 -1.67289589e-01  8.46201175e-02  2.36570645e-01
 -3.21197109e+01  3.51661982e+01 -1.67185305e+01 -2.34271214e+01
  3.63863628e+01 -1.42044212e+01  5.01697124e+01 -3.06110825e+01
 -1.95300219e+01  6.33983664e+01 -3.35611747e+01 -2.76334634e+01
 -5.42383738e+01 -3.25739141e+01  7.06558715e+01 -3.83752455e+01
  8.13505270e+01 -3.87341347e+01  4.78022985e+01 -4.14143241e+01
 -3.70354666e+01 -1.33985010e+01 -5.34848507e+01  6.91325373e+01
 -1.67980991e-04 -7.56807829e-05 -4.06990603e-05]
