[-0.71736874 -0.59187795 -0.25571048 -0.439288   -0.56894149  0.48924566
 -0.87237652  0.97375079 -0.28046724  0.93639673  0.13156813  0.68658531
  0.83477525  0.32477008  0.15877048  0.56922285 -0.54872229 -0.67329523
  0.02476773 -0.42652015 -0.78911255  0.91943439 -0.75335726 -0.17796619
 -0.06163486  0.00104143 -0.54866221 -0.36988002  0.20458957 -0.35552694
  0.73768592  0.29759246 -0.18236811  0.97761746  0.04386787  0.91359629
 -0.60257589 -0.92977601  0.55913505 -0.87920742 -0.29959445 -0.74894985
  0.26179115  0.18555642 -0.25696419  0.18392626 -0.0984992  -0.03958073
 -0.06179224  0.16613741 -0.36403381 -0.17287386  0.28594049 -0.59410584
 -0.03363375  0.13385461 -0.0971479  -0.23267111 -0.11734728]
[ 0.96117527  0.27857212  0.07941174 -0.00251209 -0.37945134  0.17961774
 -0.12032731  0.84227452  0.43748135  1.33988418 -0.15087352  0.04081016
  0.83477525 -1.41260999  0.0865725   0.736186   -0.09287047 -0.54004453
  0.02476773 -0.42652015  1.15775988  0.06526644 -0.75335726  0.36992982
 -0.06163486  1.15315776 -0.40724455 -0.02688041  0.12151787 -0.35552694
  0.7084265   0.51166909  1.58757278 -0.22525413 -1.2575059   2.433507
 -0.38776685 -2.19033438  1.04999584 -0.98899609  0.50385853 -1.58395721
  0.50173121  0.2082066  -0.43071884 -0.20698407  1.21875229 -0.11745153
  0.06032859  0.88045661  0.66091372  0.08714998  0.15155245 -0.36299246
  0.10950763  0.10343873 -0.09836862 -0.1145329  -0.27064271]
[ 9.61175271e-01  2.78572118e-01  7.94117430e-02 -2.51209338e-03
  8.23771844e-01  1.73282740e-01 -1.20327308e-01  8.42274518e-01
  4.37481347e-01  9.12260634e-01 -1.50873519e-01  4.08101622e-02
  8.34775247e-01  2.50281685e-01  8.65724999e-02  6.58597512e-01
 -9.28704688e-02  5.99055132e-01  2.47677337e-02  4.70491974e-01
  1.71845072e-01  9.97423279e-02 -7.53357259e-01  3.69929819e-01
 -6.16348559e-02  6.61200628e-01 -5.71824649e-01 -2.68804137e-02
  1.21517867e-01  4.91164231e-02  8.15032291e-01  3.79261646e-01
  1.55348202e+00  7.70295239e-02 -1.45618481e+00  3.53831710e+00
 -1.85227946e-01 -4.63698454e+00  1.11004785e+00 -2.20699364e+00
  5.20834405e-01 -1.71266744e+00  5.94726562e-01  5.77709763e-01
 -6.52440076e-01 -3.57578665e-01  2.48915894e+00 -6.61129265e-01
  5.87633796e-01  7.27274711e-01  6.53839536e-01 -1.00194440e+00
  2.52692220e-01 -5.63439972e-01  6.97250001e-01 -2.02382261e-01
 -1.01249359e-01 -1.14532901e-01 -2.71959292e-01]
[ 9.49775402e-01 -4.63775354e-01 -2.45777716e-01 -8.53119214e-01
  9.88596609e-01 -7.81927789e-02  1.45406947e-01  4.02053387e-01
 -8.81321232e-01  5.62673606e-01  5.28927500e-03  3.93367268e-01
  9.62299798e-01  9.02860976e-02 -2.75273631e-01 -9.37608721e-02
  6.06336021e-02  2.64925751e-01  8.71323572e-01 -1.70079426e-01
 -9.73098997e-01 -9.80591718e-01 -2.11418302e-02  5.99491168e-01
 -7.10489441e-01 -5.59221129e-04 -2.04787390e-01 -9.45248081e-01
  2.47629937e-01 -8.91643284e-01  8.34451541e-01 -1.61207594e-01
  7.25617692e-01 -6.56992193e-01 -7.92481769e-01  1.51297613e-01
  6.50469222e-01  7.95161164e-01 -3.81162705e-02  9.42319004e-01
 -3.75681050e-01  7.84236024e-01  6.04237998e-01 -3.34490306e-02
  9.02340701e-01 -7.85663982e-01  7.50563677e-01  2.84983105e-01
  7.87285857e-02 -8.39827442e-02 -8.79708118e-01 -7.59264021e-01
 -8.86945921e-01 -3.99492556e-01  1.36949005e-01  6.72950499e-01
 -3.49098199e-01 -6.05584159e-01 -8.91634267e-02]
